
    4.0000         0
    4.0000    0.0000
    4.0000    0.0000
    4.0000    0.0000
    4.0000    0.0000
    4.0000    0.0001
    4.0000    0.0001
    4.0000    0.0002
    4.0000    0.0002
    4.0000    0.0005
    4.0000    0.0007
    4.0000    0.0009
    4.0000    0.0012
    4.0000    0.0024
    4.0000    0.0036
    3.9999    0.0047
    3.9999    0.0059
    3.9996    0.0119
    3.9992    0.0178
    3.9985    0.0238
    3.9977    0.0297
    3.9907    0.0594
    3.9791    0.0891
    3.9628    0.1188
    3.9420    0.1486
    3.8292    0.2564
    3.6607    0.3642
    3.4415    0.4720
    3.1770    0.5798
    2.7848    0.7168
    2.3405    0.8538
    1.8553    0.9909
    1.3392    1.1279
    0.6779    1.2959
    0.0008    1.4640
   -0.6762    1.6320
   -1.3373    1.8000
   -1.9060    1.9514
   -2.4358    2.1028
   -2.9125    2.2542
   -3.3214    2.4055
   -3.6473    2.5569
   -3.8735    2.7083
   -3.9874    2.8597
   -3.9824    3.0111
   -3.8621    3.1594
   -3.6349    3.3078
   -3.3125    3.4561
   -2.9095    3.6045
   -2.4845    3.7400
   -2.0161    3.8755
   -1.5145    4.0110
   -0.9889    4.1465
   -0.2623    4.3281
    0.4715    4.5096
    1.1923    4.6912
    1.8797    4.8727
    2.3603    5.0088
    2.7999    5.1449
    3.1877    5.2810
    3.5124    5.4170
    3.7628    5.5531
    3.9278    5.6892
    3.9992    5.8253
    3.9737    5.9613
    3.8252    6.1188
    3.5592    6.2762
    3.1901    6.4336
    2.7358    6.5910
    2.2811    6.7294
    1.7859    6.8677
    1.2608    7.0061
    0.7152    7.1445
   -0.0590    7.3365
   -0.8316    7.5286
   -1.5784    7.7206
   -2.2745    7.9127
   -2.7039    8.0427
   -3.0884    8.1727
   -3.4181    8.3028
   -3.6831    8.4328
   -3.8741    8.5628
   -3.9825    8.6929
   -4.0033    8.8229
   -3.9356    8.9529
   -3.7352    9.1136
   -3.4187    9.2742
   -3.0030    9.4349
   -2.5070    9.5955
   -2.1625    9.6966
   -1.7979    9.7978
   -1.4171    9.8989
   -1.0240   10.0000
